3.0 -188.0 0.0 0.0 0.0 0.0 0.0 0.0 0.0 0.0 0.0 0.0 0.0 0.0 0.0 0.0 0.0 0.0 0.0 0.0 0.0 0.0 0.0 0.0 0.0 0.0 0.0 0.0 0.0 0.0 
3.0 -188.0 18.0 -8.0 0.0 0.0 0.0 0.0 0.0 0.0 0.0 0.0 0.0 0.0 0.0 0.0 0.0 0.0 0.0 0.0 0.0 0.0 0.0 0.0 0.0 0.0 0.0 0.0 0.0 0.0 
3.0 -188.0 18.0 -8.0 17.0 7.0 0.0 0.0 0.0 0.0 0.0 0.0 0.0 0.0 0.0 0.0 0.0 0.0 0.0 0.0 0.0 0.0 0.0 0.0 0.0 0.0 0.0 0.0 0.0 0.0 
3.0 -188.0 18.0 -8.0 17.0 7.0 62.0 0.0 -65.0 -1.0 0.0 0.0 0.0 0.0 0.0 0.0 0.0 0.0 0.0 0.0 0.0 0.0 0.0 0.0 0.0 0.0 0.0 0.0 0.0 0.0 
3.0 -188.0 18.0 -8.0 17.0 7.0 62.0 0.0 -65.0 -1.0 40.0 -15.0 19.0 13.0 0.0 0.0 0.0 0.0 0.0 0.0 0.0 0.0 0.0 0.0 0.0 0.0 0.0 0.0 0.0 0.0 
3.0 -188.0 18.0 -8.0 17.0 7.0 62.0 0.0 -65.0 -1.0 -72.0 3.0 -4.0 -8.0 0.0 0.0 0.0 0.0 0.0 0.0 0.0 0.0 0.0 0.0 0.0 0.0 0.0 0.0 0.0 0.0 
3.0 -188.0 18.0 -8.0 17.0 7.0 62.0 0.0 -65.0 -1.0 -72.0 3.0 -4.0 -8.0 -14.0 -84.0 -5.0 87.0 0.0 0.0 0.0 0.0 0.0 0.0 0.0 0.0 0.0 0.0 0.0 0.0 
-3.0 -178.0 18.0 -8.0 17.0 7.0 62.0 0.0 -65.0 -1.0 -72.0 3.0 -4.0 -8.0 -14.0 -84.0 -5.0 87.0 0.0 0.0 0.0 0.0 0.0 0.0 0.0 0.0 0.0 0.0 0.0 0.0 
-3.0 -178.0 18.0 -8.0 17.0 7.0 62.0 0.0 -65.0 -1.0 -72.0 3.0 -4.0 -8.0 -14.0 -84.0 -5.0 87.0 90.0 64.0 80.0 18.0 98.0 -19.0 98.0 -10.0 0.0 0.0 0.0 0.0 
-45.0 -355.0 18.0 -8.0 17.0 7.0 62.0 0.0 -65.0 -1.0 -72.0 3.0 -4.0 -8.0 -14.0 -84.0 -5.0 87.0 90.0 64.0 80.0 18.0 98.0 -19.0 98.0 -10.0 0.0 0.0 0.0 0.0 
-6.0 -515.0 18.0 -8.0 17.0 7.0 62.0 0.0 -65.0 -1.0 -72.0 3.0 -4.0 -8.0 -14.0 -84.0 -5.0 87.0 90.0 64.0 80.0 18.0 98.0 -19.0 98.0 -10.0 0.0 0.0 0.0 0.0 
